fibonacci(2) = 1, execution time is 1.200009137392044e-06 seconds
fibonacci(3) = 2, execution time is 2.00001522898674e-06 seconds
fibonacci(4) = 3, execution time is 9.00006853044033e-07 seconds
fibonacci(5) = 5, execution time is 6.00004568696022e-07 seconds
fibonacci(6) = 8, execution time is 6.00004568696022e-07 seconds
fibonacci(7) = 13, execution time is 5.00003807246685e-07 seconds
fibonacci(8) = 21, execution time is 1.00000761449337e-06 seconds
fibonacci(9) = 34, execution time is 5.00003807246685e-07 seconds
fibonacci(10) = 55, execution time is 5.00003807246685e-07 seconds
fibonacci(11) = 89, execution time is 5.00003807246685e-07 seconds
fibonacci(12) = 144, execution time is 5.00003807246685e-07 seconds
fibonacci(13) = 233, execution time is 1.9000144675374031e-06 seconds
fibonacci(14) = 377, execution time is 6.00004568696022e-07 seconds
fibonacci(15) = 610, execution time is 5.00003807246685e-07 seconds
fibonacci(16) = 987, execution time is 5.00003807246685e-07 seconds
fibonacci(17) = 1597, execution time is 5.00003807246685e-07 seconds
fibonacci(18) = 2584, execution time is 6.00004568696022e-07 seconds
fibonacci(19) = 4181, execution time is 5.00003807246685e-07 seconds
fibonacci(20) = 6765, execution time is 6.00004568696022e-07 seconds
fibonacci(21) = 10946, execution time is 5.00003807246685e-07 seconds
fibonacci(22) = 17711, execution time is 5.00003807246685e-07 seconds
fibonacci(23) = 28657, execution time is 5.00003807246685e-07 seconds
fibonacci(24) = 46368, execution time is 1.700012944638729e-06 seconds
fibonacci(25) = 75025, execution time is 6.00004568696022e-07 seconds
fibonacci(26) = 121393, execution time is 6.00004568696022e-07 seconds
fibonacci(27) = 196418, execution time is 5.00003807246685e-07 seconds
fibonacci(28) = 317811, execution time is 5.00003807246685e-07 seconds
fibonacci(29) = 514229, execution time is 6.00004568696022e-07 seconds
fibonacci(30) = 832040, execution time is 6.00004568696022e-07 seconds
fibonacci(31) = 1346269, execution time is 5.00003807246685e-07 seconds
fibonacci(32) = 2178309, execution time is 5.00003807246685e-07 seconds
fibonacci(33) = 3524578, execution time is 5.00003807246685e-07 seconds
fibonacci(34) = 5702887, execution time is 5.00003807246685e-07 seconds
fibonacci(35) = 9227465, execution time is 5.00003807246685e-07 seconds
fibonacci(36) = 14930352, execution time is 6.00004568696022e-07 seconds
fibonacci(37) = 24157817, execution time is 6.00004568696022e-07 seconds
fibonacci(38) = 39088169, execution time is 6.00004568696022e-07 seconds
fibonacci(39) = 63245986, execution time is 5.00003807246685e-07 seconds
fibonacci(40) = 102334155, execution time is 6.00004568696022e-07 seconds
Memo fibonacci function runtime is 0.00013609998859465122 seconds