fibonacci(2) = 1, execution time is 2.199900336563587e-06 seconds
fibonacci(3) = 2, execution time is 1.200009137392044e-06 seconds
fibonacci(4) = 3, execution time is 1.200009137392044e-06 seconds
fibonacci(5) = 5, execution time is 1.600012183189392e-06 seconds
fibonacci(6) = 8, execution time is 2.500019036233425e-06 seconds
fibonacci(7) = 13, execution time is 3.900029696524143e-06 seconds
fibonacci(8) = 21, execution time is 6.300047971308231e-06 seconds
fibonacci(9) = 34, execution time is 1.070008147507906e-05 seconds
fibonacci(10) = 55, execution time is 1.6300007700920105e-05 seconds
fibonacci(11) = 89, execution time is 2.6300083845853806e-05 seconds
fibonacci(12) = 144, execution time is 4.6200002543628216e-05 seconds
fibonacci(13) = 233, execution time is 6.54000323265791e-05 seconds
fibonacci(14) = 377, execution time is 0.00010419997852295637 seconds
fibonacci(15) = 610, execution time is 0.00016960001084953547 seconds
fibonacci(16) = 987, execution time is 0.0002741999924182892 seconds
fibonacci(17) = 1597, execution time is 0.0004483000375330448 seconds
fibonacci(18) = 2584, execution time is 0.0007600999670103192 seconds
fibonacci(19) = 4181, execution time is 0.001249199965968728 seconds
fibonacci(20) = 6765, execution time is 0.0020568999461829662 seconds
fibonacci(21) = 10946, execution time is 0.0033993000397458673 seconds
fibonacci(22) = 17711, execution time is 0.005603000055998564 seconds
fibonacci(23) = 28657, execution time is 0.009262300096452236 seconds
fibonacci(24) = 46368, execution time is 0.014457099954597652 seconds
fibonacci(25) = 75025, execution time is 0.018840999924577773 seconds
fibonacci(26) = 121393, execution time is 0.029493100009858608 seconds
fibonacci(27) = 196418, execution time is 0.0539713999023661 seconds
fibonacci(28) = 317811, execution time is 0.08853850001469254 seconds
fibonacci(29) = 514229, execution time is 0.1255333999870345 seconds
fibonacci(30) = 832040, execution time is 0.20735649997368455 seconds
fibonacci(31) = 1346269, execution time is 0.3952996999723837 seconds
fibonacci(32) = 2178309, execution time is 0.6208501000655815 seconds
fibonacci(33) = 3524578, execution time is 0.9180220999987796 seconds
fibonacci(34) = 5702887, execution time is 1.481363600003533 seconds
fibonacci(35) = 9227465, execution time is 2.490239900071174 seconds
fibonacci(36) = 14930352, execution time is 3.869508199975826 seconds
fibonacci(37) = 24157817, execution time is 6.3695602000225335 seconds
fibonacci(38) = 39088169, execution time is 10.323455499950796 seconds
fibonacci(39) = 63245986, execution time is 18.4094326000195 seconds
fibonacci(40) = 102334155, execution time is 28.653629299951717 seconds
Regular fibonacci function runtime is 74.0934697999619 seconds