fibonacci(2) = 1, execution time is 2.199900336563587e-06 seconds
fibonacci(3) = 2, execution time is 1.600012183189392e-06 seconds
fibonacci(4) = 3, execution time is 1.700012944638729e-06 seconds
fibonacci(5) = 5, execution time is 2.299901098012924e-06 seconds
fibonacci(6) = 8, execution time is 3.500026650726795e-06 seconds
fibonacci(7) = 13, execution time is 5.199923180043697e-06 seconds
fibonacci(8) = 21, execution time is 8.299946784973145e-06 seconds
fibonacci(9) = 34, execution time is 1.3199984095990658e-05 seconds
fibonacci(10) = 55, execution time is 2.1200045011937618e-05 seconds
fibonacci(11) = 89, execution time is 3.450002986937761e-05 seconds
fibonacci(12) = 144, execution time is 5.679996684193611e-05 seconds
fibonacci(13) = 233, execution time is 8.849997539073229e-05 seconds
fibonacci(14) = 377, execution time is 0.00015239999629557133 seconds
fibonacci(15) = 610, execution time is 0.00024120009038597345 seconds
fibonacci(16) = 987, execution time is 0.0003746000584214926 seconds
fibonacci(17) = 1597, execution time is 0.0006285000126808882 seconds
fibonacci(18) = 2584, execution time is 0.000979200005531311 seconds
fibonacci(19) = 4181, execution time is 0.001892999978736043 seconds
fibonacci(20) = 6765, execution time is 0.0026185999158769846 seconds
fibonacci(21) = 10946, execution time is 0.004184800083748996 seconds
fibonacci(22) = 17711, execution time is 0.007153999991714954 seconds
fibonacci(23) = 28657, execution time is 0.01103189995046705 seconds
fibonacci(24) = 46368, execution time is 0.01802779990248382 seconds
fibonacci(25) = 75025, execution time is 0.030254799989052117 seconds
fibonacci(26) = 121393, execution time is 0.06022179999854416 seconds
fibonacci(27) = 196418, execution time is 0.08438280003610998 seconds
fibonacci(28) = 317811, execution time is 0.15729390003252774 seconds
fibonacci(29) = 514229, execution time is 0.2620473999995738 seconds
fibonacci(30) = 832040, execution time is 0.4064858000492677 seconds
fibonacci(31) = 1346269, execution time is 0.6056150000076741 seconds
fibonacci(32) = 2178309, execution time is 0.9816313000628725 seconds
fibonacci(33) = 3524578, execution time is 1.4201587000861764 seconds
fibonacci(34) = 5702887, execution time is 2.0865862999344245 seconds
fibonacci(35) = 9227465, execution time is 3.802811500034295 seconds
fibonacci(36) = 14930352, execution time is 5.8452756999759 seconds
fibonacci(37) = 24157817, execution time is 9.523282299982384 seconds
fibonacci(38) = 39088169, execution time is 15.940353299956769 seconds
fibonacci(39) = 63245986, execution time is 26.935927400016226 seconds
fibonacci(40) = 102334155, execution time is 36.793313000001945 seconds
Regular fibonacci function runtime is 104.98401229991578 seconds